#  (Spannung U in V, Teilchenzahl N, Strom I in µA
330    12435   0.1
340    13454   0.1
350    13651   0.1
360    13660   0.1
370    13778   0.1
380    13770   0.1
390    13738   0.15
400    14003   0.15
410    14192   0.18
420    13730   0.2
430    14211   0.21
440    13861   0.21
# 450    14879   0.25
# 460    16142   0.27
# 470    15711   0.28
480    14391   0.3
490    14047   0.3
500    14092   0.3
510    14164   0.3
520    14296   0.3
# 530    15460   0.31
# 540    18307   0.34
# 550    17976   0.3
# 560    16893   0.35
# 570    15013   0.38
# 580    14703   0.4
590    14337   0.4
600    14202   0.4
610    14087   0.45
620    14180   0.45
630    14290   0.47
640    14130   0.48
650    14466   0.5
660    14052   0.5
670    14170   0.5
680    14589   0.52
690    14653   0.6
700    14715   0.6