# T, U, delta v, v_0, Abweichung
21  4.57    -0.06   0.09    166.66
21  4.57    -0.26   0.07    471.43
21  4.57    -0.41   0.11    472.30
21  4.57    0.12    0.21    42.86
21  4.57    -0.17   1.74    110.00
21  3.97    0.25    0.15    66.66
21  3.97    0.30    0       -inf
21  3.97    -0.27   0.09    400.00
21  3.97    -0.17   0.13    230.77
21  3.97    -0.12   0.13    192.30
22  3.04    -0.24   0.04    700
22  3.04    0.13    0.23    43.48
22  3.04    0.26    0.14    85.71
22  3.04    0.32    0.13    146.15
22  3.04    -0.22   0       inf
23  4.91    0.65    0.09    622.22
23  4.91    0.29    0.10    190.00
23  4.91    -0.44   0.87    150.57
23  4.91    0.15    0.11    36.36
23  4.91    0       0.11    100.00
23  2.20    0.07    0.09    22.22
23  2.20    0.17    0       -inf
23  2.20    -0.27   0.15    280.00
23  2.20    -0.23   0       -inf
23  2.20    0.07    0.13    44.00