# Zählrate | Druck konstant, Channel egal?
4129
3965
4304
4034
3972
3891
4177
4286
3768
4370
4222
4108
4032
4156
3827
4117
3968
3835
4041
4151
3938
4012
4070
4067
4229
3913
3869
3985
4137
3952
4137
4097
3936
3999
4167
3897
4219
4017
3930
4124
3878
3901
3826
4169
3970
3915
3993
3975
3885
3921
4248
4214
4170
4284
4092
3850
4019
3965
3941
3906
4015
3862
3957
3996
4068
4030
4136
3949
4086
3881
3990
3823
4155
4035
3970
4019
4225
3915
3926
3998
4007
3849
4023
4133
3907
4122
4147
3895
4032
3982
3996
4241
4380
3983
3959
4220
4166
4274
4031
4264